\section*{Calibration of a planar 2-axis robot using SVD}
\section*{Question 1}

\begin{equation}
A\cdot q=z
\label{eq:} 
\end{equation}



\begin{equation}
A=\begin{bmatrix} 1 & 0 & Cos\left( { \theta  }_{ 1 }^{ \left( 1 \right)  } \right)  & Cos\left( { \theta  }_{ 1 }^{ \left( 1 \right)  }+{ \theta  }_{ 2 }^{ \left( 1 \right)  } \right)  \\ 0 & 1 & Sin\left( { \theta  }_{ 1 }^{ \left( 1 \right)  } \right)  & Sin\left( { \theta  }_{ 1 }^{ \left( 1 \right)  }+{ \theta  }_{ 2 }^{ \left( 1 \right)  } \right)  \\ 1 & 0 & Cos\left( { \theta  }_{ 1 }^{ \left( 2 \right)  } \right)  & Cos\left( { \theta  }_{ 1 }^{ \left( 2 \right)  }+{ \theta  }_{ 2 }^{ \left( 2 \right)  } \right)  \\ 0 & 1 & Sin\left( { \theta  }_{ 1 }^{ \left( 2 \right)  } \right)  & Sin\left( { \theta  }_{ 1 }^{ \left( 2 \right)  }+{ \theta  }_{ 2 }^{ \left( 2 \right)  } \right)  \\ ... & ... & ... & ... \\ ... & ... & ... & ... \\ 1 & 0 & Cos\left( { \theta  }_{ 1 }^{ \left( N \right)  } \right)  & Cos\left( { \theta  }_{ 1 }^{ \left( N \right)  }+{ \theta  }_{ 2 }^{ \left( N \right)  } \right)  \\ 0 & 1 & Sin\left( { \theta  }_{ 1 }^{ \left( N \right)  } \right)  & Sin\left( { \theta  }_{ 1 }^{ \left( N \right)  }+{ \theta  }_{ 2 }^{ \left( N \right)  } \right)  \end{bmatrix}
\label{eq:} 
\end{equation}

\begin{equation}
q=\begin{bmatrix} { x }_{ 0 } \\ { y }_{ 0 } \\ a \\ b \end{bmatrix}
\label{eq:} 
\end{equation}

\begin{equation}
z=\begin{bmatrix} { x }^{ \left( 1 \right)  } \\ y^{ \left( 1 \right)  } \\ { x }^{ \left( 2 \right)  } \\ { y }^{ \left( 2 \right)  } \\ ... \\ ... \\ { x }^{ \left( N \right)  } \\ { y }^{ \left( N \right)  } \end{bmatrix}
\label{eq:} 
\end{equation}

\section*{Question 2}
Linear dependencies can been seen the $W$ vector. If any values is close to zero the parameter is irrelevant to the fit. 
\subsection*{D1}

\begin{equation}
W=\begin{bmatrix} 23.3788 \\ 22.6835 \\ 21.8248 \\ 21.5074  \end{bmatrix}
\label{eq:} 
\end{equation}

\begin{equation}
V=\begin{bmatrix}  0.589669 & -0.354287 & -0.351603 & 0.634938 \\
0.311263 & 0.703527 & 0.509408 & 0.385577 \\
0.493938 & -0.470162 & 0.62946 & -0.372496 \\
0.55806 & 0.398095 & -0.469743 & -0.556265  \end{bmatrix}
\label{eq:} 
\end{equation}

As stated in eq. 5, there are no values close to zero, which means no linear dependencies between the parameters.

\subsection*{D2}

\begin{equation}
W=\begin{bmatrix} 31.6427 \\ 22.7755 \\ 21.9092 \\ 0.0456291  \end{bmatrix}
\label{eq:} 
\end{equation}

\begin{equation}
V=\begin{bmatrix}  

0.610775 & -0.340244 & -0.372019 & 0.610565 \\
0.35454 & 0.633343 & 0.588192 & 0.356663 \\
0.706218 & 0.0256017 & -0.0244777 & -0.707108 \\
0.0501202 & -0.69459 & 0.717657 & 6.58184e-05  \end{bmatrix}
\label{eq:} 
\end{equation}

As stated in eq. 7, there are linear dependencies between the parameters.

\section*{Question 3}
Residual error giving by eq. 10 and eq. 12.

\subsection*{D1}
\begin{equation}
q=\begin{bmatrix} 4.09826 \\ 6.09964 \\ 50.0933 \\ 40.0896  \end{bmatrix}
\label{eq:} 
\end{equation}

\begin{equation}
\left\| A\cdot q-z \right\| = 8.96803
\label{eq:} 
\end{equation}


\subsection*{D2}

\begin{equation}
q=\begin{bmatrix} 2.40792 \\ 5.11981 \\ 52.0294 \\ 40.0893  \end{bmatrix}
\label{eq:} 
\end{equation}

\begin{equation}
\left\| A\cdot q-z \right\| = 9.18161
\label{eq:} 
\end{equation}





\section*{Question 4}
\subsection*{D1}
\begin{equation}
STD=\begin{bmatrix} 0.0448463 \\ 0.0447814 \\ 0.0448083 \\ 0.0448329  \end{bmatrix}
\label{eq:} 
\end{equation}


\subsection*{D2}
\begin{equation}
STD=\begin{bmatrix} 13.3811 \\ 7.81668 \\ 15.4969 \\ 0.0448065  \end{bmatrix}
\label{eq:} 
\end{equation}


